42
38 30
1 0 0 0 0 1 0 2 0 0 0 0 0 0 0 0 1 1 1 1 1 1 1 0 0 0 1 1 1 1 1 0 0 0 0 1 1 1 0 0 0 0
1 0 1 1 1 1 0 2 0 1 1 1 1 0 0 1 1 1 1 1 1 1 1 1 0 0 1 0 0 0 1 0 0 1 1 1 1 1 1 1 0 0
1 0 0 0 0 1 0 2 0 1 0 0 1 0 1 1 1 1 1 1 1 1 1 1 1 0 1 1 0 1 1 0 1 1 1 1 3 1 1 1 1 0
1 0 1 1 1 1 0 2 0 1 0 0 1 0 1 1 1 1 1 1 1 1 1 1 1 0 0 1 0 1 0 1 1 1 1 3 3 3 1 1 1 1
1 0 0 0 0 1 0 2 0 0 0 0 0 0 0 1 1 1 1 1 1 1 1 1 0 0 0 1 0 1 0 1 1 1 3 3 3 3 3 1 1 1
1 1 1 1 0 1 0 2 2 2 2 2 0 0 0 0 0 1 1 1 1 1 0 0 0 1 0 1 0 1 0 1 1 1 1 3 3 3 1 1 1 1
0 1 0 0 0 0 0 0 0 0 0 2 0 1 1 0 0 0 0 0 0 0 0 0 0 1 0 1 0 1 0 0 1 1 1 1 3 1 1 1 1 0
0 1 0 0 0 0 1 1 1 1 0 2 0 1 1 0 0 0 0 1 0 0 1 0 0 0 0 0 0 0 0 0 0 1 1 1 1 1 1 1 0 0
0 0 0 0 1 0 0 0 0 0 0 0 0 0 0 0 0 0 1 1 1 0 0 0 1 1 1 1 1 1 1 0 0 0 0 1 1 1 0 0 0 0
0 0 1 0 0 0 0 0 1 1 0 2 0 1 1 0 1 0 0 1 0 0 0 0 0 0 0 0 0 0 0 0 0 0 0 0 0 0 0 0 1 0
0 0 1 0 1 1 1 0 1 1 0 2 0 1 1 0 1 0 0 0 0 0 0 0 1 1 1 0 0 0 1 1 1 0 1 1 1 1 0 0 1 0
0 0 1 0 0 0 0 0 0 0 0 2 0 0 0 0 1 1 1 1 1 0 0 1 1 1 1 1 0 0 1 1 1 0 0 0 0 0 0 0 0 0
0 0 1 0 0 0 0 0 0 0 0 2 2 2 2 0 1 0 0 1 0 0 1 1 1 1 1 1 1 0 0 0 0 0 1 0 0 1 1 1 1 0
0 0 0 0 0 0 0 0 1 0 0 0 0 0 2 0 1 0 0 1 0 0 1 1 1 2 1 1 1 0 0 0 0 0 1 0 0 0 0 0 0 0
1 1 1 1 0 1 0 1 1 1 0 0 0 0 2 0 0 0 0 1 0 0 0 1 1 2 1 1 0 0 0 0 1 1 1 1 1 1 1 0 0 0
0 0 0 0 0 1 0 1 1 1 0 0 2 2 2 2 2 0 0 1 0 0 0 0 0 2 0 0 0 0 0 0 0 0 0 1 0 0 0 0 0 0
0 0 1 0 0 1 0 0 1 0 0 2 2 2 2 2 2 2 0 0 0 1 1 1 0 2 0 0 0 1 0 0 1 0 0 1 0 0 0 0 0 0
1 0 1 0 0 1 0 0 0 0 2 2 2 2 2 2 2 2 2 0 0 0 0 0 0 2 0 1 1 1 1 0 1 0 0 1 0 0 0 0 1 1
1 0 1 0 0 1 0 0 0 0 2 2 2 0 0 0 2 2 2 0 0 1 0 0 0 2 0 0 0 1 0 0 1 0 0 0 0 1 1 1 1 1
1 0 1 0 1 1 1 0 0 0 2 2 2 0 0 0 2 2 2 0 1 1 1 0 0 2 0 0 0 0 0 0 1 1 1 0 1 1 1 1 1 1
1 0 0 0 0 0 0 0 0 0 2 2 2 0 0 0 2 2 2 0 1 1 1 0 0 2 2 2 2 2 2 0 0 0 0 0 0 0 0 0 1 1
1 1 1 1 1 0 0 0 0 0 2 2 2 2 2 2 2 2 2 0 1 1 1 0 0 0 0 0 0 0 2 0 1 1 1 0 1 1 1 1 1 1
0 0 0 0 1 0 1 0 0 0 0 2 2 2 2 2 2 2 0 0 0 1 0 0 0 1 1 1 0 0 2 0 1 0 0 0 0 1 1 1 1 1
0 0 0 0 1 0 1 0 0 0 0 0 2 2 2 2 2 0 0 0 0 0 0 0 0 1 1 1 0 0 2 0 1 0 1 1 0 0 0 0 1 1
0 0 1 0 0 0 1 0 1 1 0 0 0 0 2 0 0 0 0 0 0 1 1 1 0 0 0 0 0 0 2 0 1 0 1 0 0 0 0 0 0 0
0 1 1 1 0 0 1 0 1 1 1 1 0 0 2 0 0 0 1 1 0 0 0 0 0 0 1 0 0 0 2 0 0 0 1 1 1 1 0 0 0 0
0 1 1 1 0 1 1 0 0 0 0 0 0 0 2 0 0 1 1 1 1 0 0 0 1 0 1 0 0 2 2 2 0 0 0 1 1 1 0 0 1 0
0 1 1 1 0 0 0 0 1 1 1 0 0 0 2 0 1 1 1 1 1 1 0 0 1 0 0 0 2 2 2 2 2 0 0 0 0 0 0 0 1 0
0 0 1 0 0 0 0 0 0 0 0 0 0 0 2 0 1 1 1 1 1 1 0 0 1 0 0 2 2 2 2 2 2 2 0 0 1 1 1 1 1 0
1 0 0 0 1 0 0 1 2 2 2 2 2 2 2 0 0 1 1 1 1 0 0 0 1 0 0 0 2 2 2 2 2 0 0 0 1 0 0 0 1 0
1 1 0 1 1 1 0 0 2 0 0 0 0 0 1 0 0 0 1 1 0 0 1 1 1 1 0 0 0 2 2 2 0 0 0 0 0 0 0 0 0 0
1 1 0 1 1 1 0 0 2 0 0 0 0 0 1 0 1 0 0 0 0 0 0 0 0 0 0 0 0 0 0 0 0 1 1 1 1 0 1 1 1 0
1 0 0 0 1 0 0 0 2 0 1 1 1 1 1 0 1 1 1 1 0 1 1 1 1 1 1 0 0 0 0 1 0 0 0 1 0 0 0 1 0 0
0 0 0 0 0 0 0 0 0 0 0 0 0 0 0 0 0 0 0 0 0 0 0 0 0 0 1 0 0 1 1 1 1 1 0 1 0 1 0 1 0 1
0 1 0 1 1 1 1 0 2 0 1 1 1 0 1 1 1 1 1 1 1 1 1 1 0 1 1 0 0 0 0 0 0 0 0 0 0 0 0 1 0 1
0 1 0 0 0 0 1 0 2 0 0 1 0 0 1 0 0 0 0 0 0 0 0 1 0 1 0 0 1 1 1 1 1 1 1 1 1 0 0 1 0 1
0 1 1 1 0 0 1 0 2 0 0 1 0 0 1 0 1 1 1 1 1 1 0 1 0 0 0 1 1 1 3 3 3 3 3 1 1 1 0 0 0 1
0 1 0 0 0 0 1 0 2 0 0 0 0 0 1 0 1 0 0 0 0 1 0 1 0 0 1 1 3 3 3 3 3 3 3 3 3 1 1 0 0 1
1 1 0 1 1 1 1 0 2 2 2 2 0 0 1 0 0 0 0 0 0 1 0 1 0 0 1 1 3 3 3 3 3 3 3 3 3 1 1 0 0 0
1 0 0 0 0 0 1 0 0 0 0 2 0 0 1 1 1 1 1 1 1 1 0 1 0 1 1 3 3 3 3 3 3 3 3 3 3 3 1 1 0 0
1 0 1 1 1 0 1 0 0 0 0 2 0 0 0 0 0 0 0 0 0 0 0 0 0 1 1 3 3 3 3 3 3 3 3 3 3 3 1 1 0 0
1 0 0 0 0 0 1 0 0 0 0 2 0 0 1 1 1 1 1 1 1 1 1 1 0 1 1 3 3 3 3 3 3 3 3 3 3 3 1 1 0 0
0 9
11 1
39 40
39 20
23 4
